72 4
1 1 0 -200 0 
1 1 0 -100 0 
1 1 0 -20 0 
1 1 0 20 0 
1 1 0 50 0 
1 1 0 100 0 
1 1 0 300 0 
1 1 0 500 0 
1 2 500 -200 0 
1 2 500 -100 0 
1 2 500 -20 0 
1 2 500 20 0 
1 2 500 50 0 
1 2 500 100 0 
1 2 500 300 0 
1 2 500 500 0 
1 2 250 -200 0 
1 2 250 -100 0 
1 2 250 -20 0 
1 2 250 20 0 
1 2 250 50 0 
1 2 250 100 0 
1 2 250 300 0 
1 2 250 500 0 
1 2 150 -200 0 
1 2 150 -100 0 
1 2 150 -20 0 
1 2 150 20 0 
1 2 150 50 0 
1 2 150 100 0 
1 2 150 300 0 
1 2 150 500 0 
1 2 100 -200 0 
1 2 100 -100 0 
1 2 100 -20 0 
1 2 100 20 0 
1 2 100 50 0 
1 2 100 100 0 
1 2 100 300 0 
1 2 100 500 0 
1 2 75 -200 0 
1 2 75 -100 0 
1 2 75 -20 0 
1 2 75 20 0 
1 2 75 50 0 
1 2 75 100 0 
1 2 75 300 0 
1 2 75 500 0 
1 2 50 -200 0 
1 2 50 -100 0 
1 2 50 -20 0 
1 2 50 20 0 
1 2 50 50 0 
1 2 50 100 0 
1 2 50 300 0 
1 2 50 500 0 
1 2 25 -200 0 
1 2 25 -100 0 
1 2 25 -20 0 
1 2 25 20 0 
1 2 25 50 0 
1 2 25 100 0 
1 2 25 300 0 
1 2 25 500 0 
1 2 10 -200 0 
1 2 10 -100 0 
1 2 10 -20 0 
1 2 10 20 0 
1 2 10 50 0 
1 2 10 100 0 
1 2 10 300 0 
1 2 10 500 0 
